5.100000000000000000e+03 3.238328260763530253e-02 4.969407088251028698e-02
5.103583583583583277e+03 3.216085681354448333e-02 4.979550655623724009e-02
5.107167167167167463e+03 3.196803335936523188e-02 4.990841332775781958e-02
5.110750750750750740e+03 3.179248305714356404e-02 5.001048314297035224e-02
5.114334334334334017e+03 3.161760685030871876e-02 5.011167759931751953e-02
5.117917917917918203e+03 3.144342275405889731e-02 5.021433339236140020e-02
5.121501501501501480e+03 3.126927923692462974e-02 5.029723477857318131e-02
5.125085085085084756e+03 3.107762455790472750e-02 5.032851834019325121e-02
5.128668668668668943e+03 3.088726507158641443e-02 5.035976722626987756e-02
5.132252252252252219e+03 3.070425375862984724e-02 5.040122711281946888e-02
5.135835835835835496e+03 3.055172338877774202e-02 5.043242432793814539e-02
5.139419419419419683e+03 3.040556405139255639e-02 5.046358597354590886e-02
5.143003003003002959e+03 3.025947486393072358e-02 5.044913062554463867e-02
5.146586586586586236e+03 3.011422107754282984e-02 5.042177881956302898e-02
5.150170170170170422e+03 2.998371025431419146e-02 5.039302964433550747e-02
5.153753753753753699e+03 2.987344059136010782e-02 5.036523669727481500e-02
5.157337337337336976e+03 2.976933807458936876e-02 5.034867425551509124e-02
5.160920920920921162e+03 2.965900489212854735e-02 5.030367265276361466e-02
5.164504504504504439e+03 2.954920510859727900e-02 5.021632379364618370e-02
5.168088088088087716e+03 2.947946324135926680e-02 5.012865415557886395e-02
5.171671671671671902e+03 2.941072188314129698e-02 5.003954240483683702e-02
5.175255255255255179e+03 2.934197396878077124e-02 4.995124810197013737e-02
5.178838838838838456e+03 2.927290153681052012e-02 4.986263383590423814e-02
5.182422422422422642e+03 2.920414846274670476e-02 4.972968762915826180e-02
5.186006006006005919e+03 2.914489794854671981e-02 4.958457275404430653e-02
5.189589589589589195e+03 2.911733840423089137e-02 4.944921803328808374e-02
5.193173173173173382e+03 2.908372178087523935e-02 4.930347809903873335e-02
5.196756756756756658e+03 2.905032499613966271e-02 4.915745246258411416e-02
5.200340340340339935e+03 2.901684140597822481e-02 4.901114404639405481e-02
5.203923923923924121e+03 2.899774631095447530e-02 4.885269934769227718e-02
5.207507507507507398e+03 2.903859227564119239e-02 4.869283452043110527e-02
5.211091091091090675e+03 2.907923162329064531e-02 4.853371208231860301e-02
5.214674674674674861e+03 2.912025625959312886e-02 4.837434397512072048e-02
5.218258258258258138e+03 2.916137078541358729e-02 4.821472997634634883e-02
5.221841841841841415e+03 2.920257543803457881e-02 4.804975338245688621e-02
5.225425425425425601e+03 2.924357295692374403e-02 4.788101878227857267e-02
5.229009009009008878e+03 2.932810557122264919e-02 4.771205208206391601e-02
5.232592592592592155e+03 2.942016986015656005e-02 4.754284832558989399e-02
5.236176176176176341e+03 2.951268870159041643e-02 4.737340130570203561e-02
5.239759759759759618e+03 2.961156873295709563e-02 4.721306173570438691e-02
5.243343343343343804e+03 2.970474159653031798e-02 4.703454672068230202e-02
5.246926926926927081e+03 2.983582467017673046e-02 4.685567990626854362e-02
5.250510510510510358e+03 2.997756767332338673e-02 4.667653546518883700e-02
5.254094094094094544e+03 3.012029761866594213e-02 4.649711318907567836e-02
5.257677677677677821e+03 3.026369091656063576e-02 4.631666681320944362e-02
5.261261261261261097e+03 3.046242815013995575e-02 4.615416875771170824e-02
5.264844844844845284e+03 3.066329237089681151e-02 4.600945114693187621e-02
5.268428428428428560e+03 3.086595333526257617e-02 4.586444136358745760e-02
5.272012012012011837e+03 3.107008265041298622e-02 4.571841003678061427e-02
5.275595595595596023e+03 3.130019365099462325e-02 4.557277867188277987e-02
5.279179179179179300e+03 3.155106679368070016e-02 4.542680378863617197e-02
5.282762762762762577e+03 3.180465729601600344e-02 4.528904156776695361e-02
5.286346346346346763e+03 3.206074927776769723e-02 4.515483536070875881e-02
5.289929929929930040e+03 3.231674482994029152e-02 4.501960319012740519e-02
5.293513513513513317e+03 3.262753862504901708e-02 4.488466496487947266e-02
5.297097097097097503e+03 3.298767094580046244e-02 4.474932328125173775e-02
5.300680680680680780e+03 3.334404135676860559e-02 4.461914337939477948e-02
5.304264264264264057e+03 3.359427039427145822e-02 4.450654420202029837e-02
5.307847847847848243e+03 3.384194947954992372e-02 4.437812475420507830e-02
5.311431431431431520e+03 3.408930180918587349e-02 4.425211316007274936e-02
5.315015015015014797e+03 3.436959337415003424e-02 4.413955576761319222e-02
5.318598598598598983e+03 3.479663601808258983e-02 4.402595612490785293e-02
5.322182182182182260e+03 3.520306237586209863e-02 4.393545201687518165e-02
5.325765765765765536e+03 3.555613414740345368e-02 4.385350394975726096e-02
5.329349349349349723e+03 3.591111831735251114e-02 4.377124393898958882e-02
5.332932932932932999e+03 3.629951334087672815e-02 4.368805268036175804e-02
5.336516516516516276e+03 3.670138021910632903e-02 4.360514356953398840e-02
5.340100100100100462e+03 3.711748329450802880e-02 4.352189195802740745e-02
5.343683683683683739e+03 3.757310930053694986e-02 4.346372513038323365e-02
5.347267267267267016e+03 3.803242219665176754e-02 4.340630244322352116e-02
5.350850850850851202e+03 3.849301503836329019e-02 4.334933444106427169e-02
5.354434434434434479e+03 3.891104007599525266e-02 4.329222201611304666e-02
5.358018018018017756e+03 3.933196371889387255e-02 4.323496351053107700e-02
5.361601601601601942e+03 3.975798612197394694e-02 4.319330172084859254e-02
5.365185185185185219e+03 4.018833812846846210e-02 4.317015413297450865e-02
5.368768768768768496e+03 4.062197615015005620e-02 4.314691014389622492e-02
5.372352352352352682e+03 4.103452211367462910e-02 4.312356945434582534e-02
5.375935935935935959e+03 4.145139180615678431e-02 4.309956669090989068e-02
5.379519519519519235e+03 4.187167107074410421e-02 4.307618646066330853e-02
5.383103103103103422e+03 4.229537428858971132e-02 4.308060299435452489e-02
5.386686686686686699e+03 4.272035860614278174e-02 4.307606899505275755e-02
5.390270270270269975e+03 4.316576937929399171e-02 4.307981846812393434e-02
5.393853853853854162e+03 4.360944800633918816e-02 4.308407766165311958e-02
5.397437437437437438e+03 4.397630574649124408e-02 4.308828421126101316e-02
5.401021021021020715e+03 4.424842203733853757e-02 4.309856660908768788e-02
5.404604604604604901e+03 4.452110378680583513e-02 4.312597331112551918e-02
5.408188188188188178e+03 4.479324299554442168e-02 4.315392964390404873e-02
5.411771771771771455e+03 4.506226013474295966e-02 4.318187292898714724e-02
5.415355355355355641e+03 4.525240566403871539e-02 4.320980330495753641e-02
5.418938938938938918e+03 4.544240707415551916e-02 4.323714842008766213e-02
5.422522522522522195e+03 4.563229891235791313e-02 4.329299809510207819e-02
5.426106106106106381e+03 4.582062471544227217e-02 4.335521669628544794e-02
5.429689689689689658e+03 4.595031228143257179e-02 4.341690497869193921e-02
5.433273273273272935e+03 4.603745809876648443e-02 4.347923181935611087e-02
5.436856856856857121e+03 4.611071144900300706e-02 4.353257600297918972e-02
5.440440440440440398e+03 4.619740825176124610e-02 4.359501656862012353e-02
5.444024024024023674e+03 4.618325972721956663e-02 4.365758051725780742e-02
5.447607607607607861e+03 4.614145901965442664e-02 4.372071168513439604e-02
5.451191191191191137e+03 4.609783911745464480e-02 4.378381679436309237e-02
5.454774774774774414e+03 4.605557284618105873e-02 4.384689944984281051e-02
5.458358358358358601e+03 4.601307431234739898e-02 4.390935371706568974e-02
5.461941941941941877e+03 4.596873780506312290e-02 4.399942154191537058e-02
5.465525525525525154e+03 4.588224782933174317e-02 4.410378870911442484e-02
5.469109109109109340e+03 4.574123044000016208e-02 4.420751751244843264e-02
5.472692692692692617e+03 4.558790407304986331e-02 4.430267686682981543e-02
5.476276276276275894e+03 4.544466557888568459e-02 4.440700605607214579e-02
5.479859859859860080e+03 4.526336997751576746e-02 4.451135871865032068e-02
5.483443443443443357e+03 4.505920782895793397e-02 4.462314278876747253e-02
5.487027027027026634e+03 4.485286871067051956e-02 4.473618866027986862e-02
5.490610610610610820e+03 4.464735855070395970e-02 4.484929942320250301e-02
5.494194194194194097e+03 4.443030347217716280e-02 4.496183331272121664e-02
5.497777777777777374e+03 4.421008396910772187e-02 4.507511034825051333e-02
5.501361361361361560e+03 4.397572569962686362e-02 4.518219058162734753e-02
5.504944944944944837e+03 4.375639856134807409e-02 4.530868342340559074e-02
5.508528528528528113e+03 4.353744180395213714e-02 4.543465474894405054e-02
5.512112112112112300e+03 4.331572205665169123e-02 4.556147349900607768e-02
5.515695695695695576e+03 4.309474309117022200e-02 4.568848133338933304e-02
5.519279279279278853e+03 4.287330057938944228e-02 4.581499216009859987e-02
5.522862862862863039e+03 4.259380583877647036e-02 4.594607356563198269e-02
5.526446446446446316e+03 4.226242394989330325e-02 4.606827465360389950e-02
5.530030030030029593e+03 4.194330983920042943e-02 4.620042973362471772e-02
5.533613613613613779e+03 4.167982158072205956e-02 4.633212584610259949e-02
5.537197197197197056e+03 4.150287847131890751e-02 4.646482634487865415e-02
5.540780780780780333e+03 4.132603589719759107e-02 4.659926164804029797e-02
5.544364364364364519e+03 4.114929510259895951e-02 4.674072209502506958e-02
5.547947947947947796e+03 4.096591759966133200e-02 4.687321239074496160e-02
5.551531531531531073e+03 4.079794199973979518e-02 4.701608618484040547e-02
5.555115115115115259e+03 4.063004918063627124e-02 4.715856164212083729e-02
5.558698698698698536e+03 4.046113113065138989e-02 4.730219895024433824e-02
5.562282282282281813e+03 4.029342854801393897e-02 4.744469404067522267e-02
5.565865865865865999e+03 4.014634598884794792e-02 4.758584312348337897e-02
5.569449449449449276e+03 4.000774500838402692e-02 4.771613124631629566e-02
5.573033033033033462e+03 3.988031858363767779e-02 4.785801744708581551e-02
5.576616616616616739e+03 3.975284315477072700e-02 4.800032001384543778e-02
5.580200200200200015e+03 3.966107113269064927e-02 4.813968749452438717e-02
5.583783783783784202e+03 3.958565077232116536e-02 4.826025772154642068e-02
5.587367367367367478e+03 3.950022732925990987e-02 4.837040604059233279e-02
5.590950950950950755e+03 3.942354080952206741e-02 4.849071290209238522e-02
5.594534534534534941e+03 3.934770094995959644e-02 4.861221343582378812e-02
5.598118118118118218e+03 3.927170597933993257e-02 4.873405284329283826e-02
5.601701701701701495e+03 3.923297328697379627e-02 4.885561974967453369e-02
5.605285285285285681e+03 3.925323764004928079e-02 4.896772571073731983e-02
5.608868868868868958e+03 3.928324521156463522e-02 4.909116324384346641e-02
5.612452452452452235e+03 3.931230572369923126e-02 4.921404451227523458e-02
5.616036036036036421e+03 3.934235888651162194e-02 4.933819369916926656e-02
5.619619619619619698e+03 3.937243581006180659e-02 4.946270717604425715e-02
5.623203203203202975e+03 3.939174057686033875e-02 4.955513130983839332e-02
5.626786786786787161e+03 3.942184475158837242e-02 4.965529158266081267e-02
5.630370370370370438e+03 3.948922210744924138e-02 4.975570554702474224e-02
5.633953953953953715e+03 3.956878547624963216e-02 4.985637461273061122e-02
5.637537537537537901e+03 3.964760207128111003e-02 4.995633529956999830e-02
5.641121121121121178e+03 3.971764859655838031e-02 5.003224282327017880e-02
5.644704704704704454e+03 3.979790153439421302e-02 5.010324857896344963e-02
5.648288288288288641e+03 3.988160686748289108e-02 5.017341020999672996e-02
5.651871871871871917e+03 4.003857504166795367e-02 5.024467845152903039e-02
5.655455455455455194e+03 4.018503058088324087e-02 5.030438362033792798e-02
5.659039039039039380e+03 4.034346969254674897e-02 5.037489564552675991e-02
5.662622622622622657e+03 4.050270347741131288e-02 5.043166021513348363e-02
5.666206206206205934e+03 4.066166036061011346e-02 5.048514309789791515e-02
5.669789789789790120e+03 4.082138175859044427e-02 5.052589632244183088e-02
5.673373373373373397e+03 4.100965623758932865e-02 5.057949817170578899e-02
5.676956956956956674e+03 4.119786604361541649e-02 5.063317554185110120e-02
5.680540540540540860e+03 4.138825277843533046e-02 5.068310282509105869e-02
5.684124124124124137e+03 4.156870583657495954e-02 5.070627230639637023e-02
5.687707707707707414e+03 4.178714227434360273e-02 5.074134232125093735e-02
5.691291291291291600e+03 4.207391838461373157e-02 5.077542805277783511e-02
5.694874874874874877e+03 4.236284207393441192e-02 5.081053391444168010e-02
5.698458458458458153e+03 4.264094758815817343e-02 5.083369058092591930e-02
5.702042042042042340e+03 4.293248195332485806e-02 5.084351607906019421e-02
5.705625625625625617e+03 4.321227554925188841e-02 5.083131397956114350e-02
5.709209209209208893e+03 4.348931772247902061e-02 5.081902487393830103e-02
5.712792792792793080e+03 4.375523077471317468e-02 5.079370950189449757e-02
5.716376376376376356e+03 4.403235150971584327e-02 5.078125387871007534e-02
5.719959959959959633e+03 4.432389123702977496e-02 5.076871093304570481e-02
5.723543543543543819e+03 4.462536549090036914e-02 5.074006325116655475e-02
5.727127127127127096e+03 4.493875846340474045e-02 5.072367613820982085e-02
5.730710710710710373e+03 4.525090943790269216e-02 5.070719245165743877e-02
5.734294294294294559e+03 4.556555145661782963e-02 5.068964504973237639e-02
5.737877877877877836e+03 4.586878225552881716e-02 5.066108833096301389e-02
5.741461461461461113e+03 4.618360979435184865e-02 5.063572664329175910e-02
5.745045045045045299e+03 4.650090964957334649e-02 5.060414551181299792e-02
5.748628628628628576e+03 4.684931821566186427e-02 5.056061402515912157e-02
5.752212212212211853e+03 4.722144574553295560e-02 5.052786836829404465e-02
5.755795795795796039e+03 4.759531471808287756e-02 5.049595042707141768e-02
5.759379379379379316e+03 4.796754883619561843e-02 5.046391380884335254e-02
5.762962962962962592e+03 4.829741900903353202e-02 5.039494018764729966e-02
5.766546546546546779e+03 4.864239589959951093e-02 5.033442883351448710e-02
5.770130130130130055e+03 4.898753874238322148e-02 5.027377138689728686e-02
5.773713713713713332e+03 4.932387018454791744e-02 5.020041298069786995e-02
5.777297297297297519e+03 4.967981285271028807e-02 5.013949910690061740e-02
5.780880880880880795e+03 5.003607264515369524e-02 5.007664044939074549e-02
5.784464464464464982e+03 5.038201408677688009e-02 4.999353600455551383e-02
5.788048048048048258e+03 5.074254132754257851e-02 4.992275132662107873e-02
5.791631631631631535e+03 5.110288599592117953e-02 4.985181723309941443e-02
5.795215215215215721e+03 5.144972107376570569e-02 4.976843150012513761e-02
5.798798798798798998e+03 5.181162015306459145e-02 4.969723941809492396e-02
5.802382382382382275e+03 5.217571022118715207e-02 4.963203798808595718e-02
5.805965965965966461e+03 5.247120620399783192e-02 4.956252550538119139e-02
5.809549549549549738e+03 5.278172323930107462e-02 4.950423004941655047e-02
5.813133133133133015e+03 5.309626130154865981e-02 4.944497380337514042e-02
5.816716716716717201e+03 5.341047784174333263e-02 4.938641160033534205e-02
5.820300300300300478e+03 5.365923365597774497e-02 4.931451179744293645e-02
5.823883883883883755e+03 5.389081574796830698e-02 4.924293398673582067e-02
5.827467467467467941e+03 5.410434576634563092e-02 4.916090476599956072e-02
5.831051051051051218e+03 5.433629412690675620e-02 4.908988002821258745e-02
5.834634634634634494e+03 5.456824171000491247e-02 4.901792567879942331e-02
5.838218218218218681e+03 5.475100974038019097e-02 4.893561615283847921e-02
5.841801801801801957e+03 5.492711259824030468e-02 4.886360928864403458e-02
5.845385385385385234e+03 5.510105030572209212e-02 4.879242990625923260e-02
5.848968968968969421e+03 5.526096128394250573e-02 4.871021514882106079e-02
5.852552552552552697e+03 5.543751323204966497e-02 4.863801606705077385e-02
5.856136136136135974e+03 5.558071493015029341e-02 4.856642090747993745e-02
5.859719719719720160e+03 5.567595520437258749e-02 4.848390670133413682e-02
5.863303303303303437e+03 5.578788840461403054e-02 4.842146530535631349e-02
5.866886886886886714e+03 5.589760556112529505e-02 4.836243972820128412e-02
5.870470470470470900e+03 5.598982726909111640e-02 4.829187643574287675e-02
5.874054054054054177e+03 5.603146067396010122e-02 4.823258967859200830e-02
5.877637637637637454e+03 5.607534498494516628e-02 4.817315560243262684e-02
5.881221221221221640e+03 5.610232642839450834e-02 4.811252571321401883e-02
5.884804804804804917e+03 5.614378773051212357e-02 4.807863638246158422e-02
5.888388388388388194e+03 5.617058994963550905e-02 4.803406812106012641e-02
5.891971971971972380e+03 5.621193236399663062e-02 4.799922914315679634e-02
5.895555555555555657e+03 5.619836777517412535e-02 4.796496653577123070e-02
5.899139139139138933e+03 5.614409189863732441e-02 4.791941317223474828e-02
5.902722722722723120e+03 5.610421369571265415e-02 4.788166355153628678e-02
5.906306306306306396e+03 5.606627195343773240e-02 4.784222420517311031e-02
5.909889889889889673e+03 5.600892642415035427e-02 4.779156780522026554e-02
5.913473473473473859e+03 5.597039974074997232e-02 4.775189307997933230e-02
5.917057057057057136e+03 5.588324497879958164e-02 4.770105854300649151e-02
5.920640640640640413e+03 5.575618049061945025e-02 4.766499943257453131e-02
5.924224224224224599e+03 5.563062946511661278e-02 4.763963945238540443e-02
5.927807807807807876e+03 5.554259246684266349e-02 4.760319309448983460e-02
5.931391391391391153e+03 5.548027164569256653e-02 4.757761535361268446e-02
5.934974974974975339e+03 5.540284653634561934e-02 4.754164795462338666e-02
5.938558558558558616e+03 5.533750910555791658e-02 4.751519578797122612e-02
5.942142142142141893e+03 5.517899988842225184e-02 4.749800511174631645e-02
5.945725725725726079e+03 5.500292637047446420e-02 4.747719968738203788e-02
5.949309309309309356e+03 5.485799266413927261e-02 4.746719959473454098e-02
5.952892892892892633e+03 5.470962966856332543e-02 4.744688933355804827e-02
5.956476476476476819e+03 5.458196636211311292e-02 4.743606805426862916e-02
5.960060060060060096e+03 5.445703792751597355e-02 4.742711285490009560e-02
5.963643643643643372e+03 5.433137866783399605e-02 4.741895314009121620e-02
5.967227227227227559e+03 5.423259735363397671e-02 4.742157317217182005e-02
5.970810810810810835e+03 5.411664016380091785e-02 4.741392855371573400e-02
5.974394394394394112e+03 5.401498064769633123e-02 4.741577306908101308e-02
5.977977977977978298e+03 5.391627322106705422e-02 4.741819284418604535e-02
5.981561561561561575e+03 5.380359065010757724e-02 4.741947309230400143e-02
5.985145145145144852e+03 5.370906871280098360e-02 4.744953514337275913e-02
5.988728728728729038e+03 5.359756811892614492e-02 4.746938167905776634e-02
5.992312312312312315e+03 5.350048932512313504e-02 4.749879818502059092e-02
5.995895895895895592e+03 5.339579427569189629e-02 4.751861811681112879e-02
5.999479479479479778e+03 5.334339013596496593e-02 4.754802930412438400e-02
6.003063063063063055e+03 5.329255933788508426e-02 4.758783127766364612e-02
6.006646646646646332e+03 5.322503385883643051e-02 4.761833571779879037e-02
6.010230230230230518e+03 5.317202942483958278e-02 4.765850639622994100e-02
6.013813813813813795e+03 5.309314835636683161e-02 4.768903771829044458e-02
6.017397397397397071e+03 5.292022929332061698e-02 4.772926728028223375e-02
6.020980980980981258e+03 5.273252553918472696e-02 4.775973674608501723e-02
6.024564564564564535e+03 5.256087528010122689e-02 4.780012916605792805e-02
6.028148148148147811e+03 5.248047379850948047e-02 4.782950820743202269e-02
6.031731731731731998e+03 5.242728478125089492e-02 4.786996058233107532e-02
6.035315315315315274e+03 5.237226119232421540e-02 4.790979599843588066e-02
6.038898898898898551e+03 5.230260000825538713e-02 4.793987589300936769e-02
6.042482482482482737e+03 5.224716626901210192e-02 4.799480983630449726e-02
6.046066066066066014e+03 5.217708685790101164e-02 4.804505613661530505e-02
6.049649649649649291e+03 5.212282140747667714e-02 4.810656591941743498e-02
6.053233233233233477e+03 5.205082282445433473e-02 4.815696120524842749e-02
6.056816816816816754e+03 5.199865642659558251e-02 4.821868494922607745e-02
6.060400400400400031e+03 5.198640041487020969e-02 4.827350181394879369e-02
6.063983983983984217e+03 5.199154382614337710e-02 4.835461592853006196e-02
6.067567567567567494e+03 5.197911770090785089e-02 4.842523778150278901e-02
6.071151151151150771e+03 5.198409287428596565e-02 4.850605533803820785e-02
6.074734734734734957e+03 5.197303253982529792e-02 4.857698714807812124e-02
6.078318318318318234e+03 5.196980951484207745e-02 4.865819119457361064e-02
6.081901901901901510e+03 5.195186814131722008e-02 4.872539897395564146e-02
6.085485485485485697e+03 5.194825535655978738e-02 4.879863298397309201e-02
6.089069069069068973e+03 5.194607045245665244e-02 4.887134047973017148e-02
6.092652652652652250e+03 5.192630307027945591e-02 4.893394774995073887e-02
6.096236236236236437e+03 5.193858914464474785e-02 4.900697087355693204e-02
6.099819819819819713e+03 5.197549894218563005e-02 4.906982822672580069e-02
6.103403403403402990e+03 5.202694981315483802e-02 4.917444564674111618e-02
6.106986986986987176e+03 5.206392155596234472e-02 4.926968342777487964e-02
6.110570570570570453e+03 5.211549369566557954e-02 4.937640234095930225e-02
6.114154154154153730e+03 5.215252776104378762e-02 4.947145500749963731e-02
6.117737737737737916e+03 5.220422185682602190e-02 4.957884564675731770e-02
6.121321321321321193e+03 5.225275667174922312e-02 4.967296094147223562e-02
6.124904904904904470e+03 5.231845946997566027e-02 4.977809404292110607e-02
6.128488488488488656e+03 5.236649194792500350e-02 4.987130084163680921e-02
6.132072072072071933e+03 5.243241190096467608e-02 4.997709019506365452e-02
6.135655655655655210e+03 5.248058095277711999e-02 5.007161188787457445e-02
6.139239239239239396e+03 5.256609828280162100e-02 5.017728511450417206e-02
6.142822822822822673e+03 5.263702009778120638e-02 5.028234454706376200e-02
6.146406406406405949e+03 5.272610679219581764e-02 5.040239176320059078e-02
6.149989989989990136e+03 5.279887194050789101e-02 5.051180464381345436e-02
6.153573573573573412e+03 5.288681855615470773e-02 5.063268069761416718e-02
6.157157157157156689e+03 5.295989096894763298e-02 5.074280804056159611e-02
6.160740740740740875e+03 5.304823912831545252e-02 5.086438118598234776e-02
6.164324324324324152e+03 5.313523130424463448e-02 5.097066788034625151e-02
6.167907907907907429e+03 5.323934089219932442e-02 5.109032450298776895e-02
6.171491491491491615e+03 5.332844313341020270e-02 5.119728213652370574e-02
6.175075075075074892e+03 5.343310014373392480e-02 5.131776344380137994e-02
6.178658658658658169e+03 5.352263518164351863e-02 5.142539960257014320e-02
6.182242242242242355e+03 5.361228437281821690e-02 5.153593481902848938e-02
6.185825825825825632e+03 5.371604312112494839e-02 5.166117603461731211e-02
6.189409409409408909e+03 5.380327884611348782e-02 5.177337146267489698e-02
6.192992992992993095e+03 5.390616070510513558e-02 5.189950328243202876e-02
6.196576576576576372e+03 5.399355120593998802e-02 5.201243384910213957e-02
6.200160160160159649e+03 5.409653617052108399e-02 5.213946751317354023e-02
6.203743743743743835e+03 5.418394990633974839e-02 5.225321963101198230e-02
6.207327327327327112e+03 5.428701253931451920e-02 5.238123807310868935e-02
6.210910910910910388e+03 5.439651005151441981e-02 5.249573564402169185e-02
6.214494494494494575e+03 5.453724678983698504e-02 5.262466652197232697e-02
6.218078078078077851e+03 5.466233894086962308e-02 5.274087299896304537e-02
6.221661661661661128e+03 5.480485743174759450e-02 5.287355749421182582e-02
6.225245245245245314e+03 5.492842533332723681e-02 5.299708219721949165e-02
6.228828828828828591e+03 5.507115487046564117e-02 5.313314127569526008e-02
6.232412412412411868e+03 5.519486697523028063e-02 5.325699064081570316e-02
6.235995995995996054e+03 5.532030243306524514e-02 5.337997972186336176e-02
6.239579579579579331e+03 5.546175610912742332e-02 5.351769106559196854e-02
6.243163163163163517e+03 5.555991384672723243e-02 5.363536105803274473e-02
6.246746746746746794e+03 5.566341726906920417e-02 5.376645463278055537e-02
6.250330330330330071e+03 5.575101735196809349e-02 5.388412264917399885e-02
6.253913913913914257e+03 5.585475432053164935e-02 5.401466260479787646e-02
6.257497497497497534e+03 5.594252734629508172e-02 5.413274623554872877e-02
6.261081081081080811e+03 5.604819798512213069e-02 5.425826498968343986e-02
6.264664664664664997e+03 5.613447279819046287e-02 5.436125722922725834e-02
6.268248248248248274e+03 5.625415381351264732e-02 5.446329889068843300e-02
6.271831831831831551e+03 5.640074358748617400e-02 5.458058041169871338e-02
6.275415415415415737e+03 5.653127642719094764e-02 5.468277734423831332e-02
6.278998998998999014e+03 5.667834089617200533e-02 5.480017586969708476e-02
6.282582582582582290e+03 5.680926642525073456e-02 5.488937164559155174e-02
6.286166166166166477e+03 5.695684376462398224e-02 5.498545983458352771e-02
6.289749749749749753e+03 5.706782482863987510e-02 5.506747472870496957e-02
6.293333333333333030e+03 5.714873374827139640e-02 5.514836975843335348e-02
6.296916916916917216e+03 5.724980635948559438e-02 5.524463866762589076e-02
6.300500500500500493e+03 5.733093413183593112e-02 5.532976834488022300e-02
6.304084084084083770e+03 5.743232682016315149e-02 5.544747952311010475e-02
6.307667667667667956e+03 5.751543432719863347e-02 5.554984978299807447e-02
6.311251251251251233e+03 5.761911408404440244e-02 5.566779784023433153e-02
6.314834834834835419e+03 5.770766108435482211e-02 5.577032909448859099e-02
6.318418418418418696e+03 5.779456011128298459e-02 5.586497874426714361e-02
6.322002002002001973e+03 5.790200149454704376e-02 5.595113651700506230e-02
6.325585585585586159e+03 5.798917227422522441e-02 5.599964916065484910e-02
6.329169169169169436e+03 5.809700096887802923e-02 5.606510466509806445e-02
6.332752752752752713e+03 5.818445179623331354e-02 5.611598899902837945e-02
6.336336336336336899e+03 5.827381417797396213e-02 5.616892893000449000e-02
6.339919919919920176e+03 5.838041710264782469e-02 5.623955096262753944e-02
6.343503503503503453e+03 5.847036013896850237e-02 5.629659110410433626e-02
6.347087087087087639e+03 5.857867171537764484e-02 5.636705321039519462e-02
6.350670670670670916e+03 5.866995771388759662e-02 5.642417934933302570e-02
6.354254254254254192e+03 5.875955793250988574e-02 5.648007848343784831e-02
6.357837837837838379e+03 5.887028689467317666e-02 5.655199240259317639e-02
6.361421421421421655e+03 5.896019667801423447e-02 5.659923023750008941e-02
6.365005005005004932e+03 5.907136452076577893e-02 5.664753623560521423e-02
6.368588588588589118e+03 5.916344779156553629e-02 5.667981849004041783e-02
6.372172172172172395e+03 5.925381547452223535e-02 5.671337138638678221e-02
6.375755755755755672e+03 5.935449938956274818e-02 5.676045804872945078e-02
6.379339339339339858e+03 5.941273783870177488e-02 5.679402094577301607e-02
6.382922922922923135e+03 5.949242915793771791e-02 5.684040073642541990e-02
6.386506506506506412e+03 5.955080830885389059e-02 5.687281460453638693e-02
6.390090090090090598e+03 5.961113896915157251e-02 5.690522562607971957e-02
6.393673673673673875e+03 5.968926003092192567e-02 5.695124354178407455e-02
6.397257257257257152e+03 5.974974890340069289e-02 5.698365979899162881e-02
6.400840840840841338e+03 5.980838312963190906e-02 5.700812535971137851e-02
6.404424424424424615e+03 5.988874699514186439e-02 5.703252097602623527e-02
6.408008008008007891e+03 5.994752728319865248e-02 5.704066242536738607e-02
6.411591591591592078e+03 6.002813795899815397e-02 5.706500652668555079e-02
6.415175175175175355e+03 6.008706612711414707e-02 5.707307955733796623e-02
6.418758758758758631e+03 6.016193728312315553e-02 5.708240619084636175e-02
6.422342342342342818e+03 6.025582376306461152e-02 5.709019191855418951e-02
6.425925925925926094e+03 6.033185091928360000e-02 5.707515801792560628e-02
6.429509509509509371e+03 6.040599639813950400e-02 5.705877547522154869e-02
6.433093093093093557e+03 6.050233912898218824e-02 5.705855830114004573e-02
6.436676676676676834e+03 6.057671323377183947e-02 5.704204118334133683e-02
6.440260260260260111e+03 6.065319441621604829e-02 5.702673805874145657e-02
6.443843843843844297e+03 6.074801455400913319e-02 5.702181252926620536e-02
6.447427427427427574e+03 6.082474873140023691e-02 5.700301941717129950e-02
6.451011011011010851e+03 6.091990721279812171e-02 5.699781019793534464e-02
6.454594594594595037e+03 6.099689736574300664e-02 5.697886028641736822e-02
6.458178178178178314e+03 6.107000406589209451e-02 5.695857849572268095e-02
6.461761761761761591e+03 6.116410034361852155e-02 5.694892607827727743e-02
6.465345345345345777e+03 6.123574376548891057e-02 5.691983007608034800e-02
6.468928928928929054e+03 6.130956774337248394e-02 5.689191804624903204e-02
6.472512512512512330e+03 6.140203780892925650e-02 5.687880047997564276e-02
6.476096096096096517e+03 6.147609996236630403e-02 5.684947754504028616e-02
6.479679679679679793e+03 6.154813548757761404e-02 5.682132756863456091e-02
6.483263263263263070e+03 6.164319423404816811e-02 5.680652483125404190e-02
6.486846846846847257e+03 6.171544914471640414e-02 5.677802840313667110e-02
6.490430430430430533e+03 6.179424883243561650e-02 5.674822531873545406e-02
6.494014014014013810e+03 6.189410393451515169e-02 5.673438170102983180e-02
6.497597597597597996e+03 6.197532829807342325e-02 5.670442002439406159e-02
6.501181181181181273e+03 6.205445723080299514e-02 5.667153258362095380e-02
6.504764764764764550e+03 6.215700002164270543e-02 5.664382444925541993e-02
6.508348348348348736e+03 6.223635558989024097e-02 5.660246087106195895e-02
6.511931931931932013e+03 6.232136202882571085e-02 5.655980455894499270e-02
6.515515515515515290e+03 6.243227743597398738e-02 5.653297944257892199e-02
6.519099099099099476e+03 6.252435884706537828e-02 5.649013633411005542e-02
6.522682682682682753e+03 6.261428030921026289e-02 5.644822568422075415e-02
6.526266266266266030e+03 6.272807818359718568e-02 5.641962644094922902e-02
6.529849849849850216e+03 6.281828267092244567e-02 5.637743745754134755e-02
6.533433433433433493e+03 6.291094453112432150e-02 5.633398139795886550e-02
6.537017017017016769e+03 6.302935538638800017e-02 5.630622554827631465e-02
6.540600600600600956e+03 6.313997263031834173e-02 5.626257534419783907e-02
6.544184184184184232e+03 6.324836827472568590e-02 5.621999895187280299e-02
6.547767767767767509e+03 6.338118456445163140e-02 5.619074073413783676e-02
6.551351351351351695e+03 6.348995678308824719e-02 5.614795814833743737e-02
6.554934934934934972e+03 6.360134767219206842e-02 5.610393494276461057e-02
6.558518518518518249e+03 6.373099326370548767e-02 5.607548356459293726e-02
6.562102102102102435e+03 6.378446193206961656e-02 5.602922307095881821e-02
6.565685685685685712e+03 6.383543644764971825e-02 5.598174656966599383e-02
6.569269269269268989e+03 6.388894489646204655e-02 5.593304050658783055e-02
6.572852852852853175e+03 6.396213279299725607e-02 5.589980439033506027e-02
6.576436436436436452e+03 6.401571311781717455e-02 5.585087305517503348e-02
6.580020020020019729e+03 6.406674048594844517e-02 5.580360320881828928e-02
6.583603603603603915e+03 6.417624415252112802e-02 5.577336895185294047e-02
6.587187187187187192e+03 6.427609080498758454e-02 5.572973119469928210e-02
6.590770770770770469e+03 6.437860976823520098e-02 5.568490426504655449e-02
6.594354354354354655e+03 6.450101710509159592e-02 5.565542935894880749e-02
6.597937937937937932e+03 6.460368682600836632e-02 5.561040494579837928e-02
6.601521521521521208e+03 6.470370720289164712e-02 5.556656190085097757e-02
6.605105105105105395e+03 6.479494444484459881e-02 5.552171028014311199e-02
6.608688688688688671e+03 6.490591887766847257e-02 5.549211898450771147e-02
6.612272272272271948e+03 6.499701551996900362e-02 5.544706022101569820e-02
6.615855855855856134e+03 6.508535082131569616e-02 5.540296758916977982e-02
6.619439439439439411e+03 6.519912727656282381e-02 5.537195574362308026e-02
6.623023023023022688e+03 6.528469141512080465e-02 5.532805463145825525e-02
6.626606606606606874e+03 6.537281214907542104e-02 5.528303764574236251e-02
6.630190190190190151e+03 6.548091307730947996e-02 5.525315834524201219e-02
6.633773773773773428e+03 6.556908910714392968e-02 5.520792719657290071e-02
6.637357357357357614e+03 6.565443759131062151e-02 5.516362954525148160e-02
6.640940940940940891e+03 6.574152288928264420e-02 5.512542565827524554e-02
6.644524524524524168e+03 6.584460750455012334e-02 5.511996140926871818e-02
6.648108108108108354e+03 6.592771135853493780e-02 5.509925477794629101e-02
6.651691691691691631e+03 6.600793042745195516e-02 5.507848440155971304e-02
6.655275275275274907e+03 6.608814915826455305e-02 5.505866139577693386e-02
6.658858858858859094e+03 6.619433536297474052e-02 5.505187426421595531e-02
6.662442442442442371e+03 6.627459838299067096e-02 5.502355176999615405e-02
6.666026026026025647e+03 6.635783950032853040e-02 5.499023856621741008e-02
6.669609609609609834e+03 6.646125099522268154e-02 5.497192725818503961e-02
6.673193193193193110e+03 6.654457837584482061e-02 5.493842960775549566e-02
6.676776776776776387e+03 6.662077779589038740e-02 5.490583772207315721e-02
6.680360360360360573e+03 6.665305344502535367e-02 5.487331253273053377e-02
6.683943943943943850e+03 6.670550524417760696e-02 5.488020394536131941e-02
6.687527527527527127e+03 6.673775906475652719e-02 5.487200019467250445e-02
6.691111111111111313e+03 6.676694102950171683e-02 5.486472676115489167e-02
6.694694694694694590e+03 6.679915709340492058e-02 5.485642409032912004e-02
6.698278278278277867e+03 6.685159076663520217e-02 5.486307825418117179e-02
6.701861861861862053e+03 6.688378537284928038e-02 5.485357606277108111e-02
6.705445445445445330e+03 6.691168478002909592e-02 5.484342021268992506e-02
6.709029029029028607e+03 6.694134851596050817e-02 5.483224498750777220e-02
6.712612612612612793e+03 6.699128606845415612e-02 5.483599991134964491e-02
6.716196196196196070e+03 6.702093813325253613e-02 5.482471440514484484e-02
6.719779779779779346e+03 6.704746851777498851e-02 5.481655592645189728e-02
6.723363363363363533e+03 6.707397817540927676e-02 5.483362239835062879e-02
6.726946946946946809e+03 6.712712471493410826e-02 5.486565335692884099e-02
6.730530530530530086e+03 6.715414310953839172e-02 5.488269081199800836e-02
6.734114114114114273e+03 6.718427123660916656e-02 5.490066701072554567e-02
6.737697697697697549e+03 6.721125677521098962e-02 5.491766970965926420e-02
6.741281281281280826e+03 6.726491005105664223e-02 5.494322842951814695e-02
6.744864864864865012e+03 6.729187806217518109e-02 5.494870827279502157e-02
6.748448448448448289e+03 6.732197316765983763e-02 5.495320025692157495e-02
6.752032032032031566e+03 6.731283261933412865e-02 5.495860672987072648e-02
6.755615615615615752e+03 6.732144343781602813e-02 5.497709235472816175e-02
6.759199199199199029e+03 6.730321526716750991e-02 5.498242455643567034e-02
6.762782782782782306e+03 6.728804175296373979e-02 5.499681820713439584e-02
6.766366366366366492e+03 6.726963894581923509e-02 5.501502391604062847e-02
6.769949949949949769e+03 6.727832181637510844e-02 5.504634679016796872e-02
6.773533533533533046e+03 6.726029994175028448e-02 5.506451243155615488e-02
6.777117117117117232e+03 6.724219143741040627e-02 5.508171355945611081e-02
6.780700700700700509e+03 6.722712693157609221e-02 5.510271462006536419e-02
6.784284284284283785e+03 6.720884217303338404e-02 5.514563765851121513e-02
6.787867867867867972e+03 6.719732155808949559e-02 5.520364002658288000e-02
6.791451451451451248e+03 6.714860682253689927e-02 5.524658717740450059e-02
6.795035035035034525e+03 6.710284509721380075e-02 5.529048541954720286e-02
6.798618618618618711e+03 6.705381959478018405e-02 5.533344634489096442e-02
6.802202202202201988e+03 6.703445550704775768e-02 5.538099122931142843e-02
6.805785785785785265e+03 6.699908548393700147e-02 5.541215694670298397e-02
6.809369369369369451e+03 6.696665591059583478e-02 5.544237151207423442e-02
6.812952952952952728e+03 6.693101979708981908e-02 5.547352618744123137e-02
6.816536536536536005e+03 6.689525451334096817e-02 5.550372997131740316e-02
6.820120120120120191e+03 6.688205106761797858e-02 5.555152163533694232e-02
6.823703703703703468e+03 6.681950174967699052e-02 5.562075704841962231e-02
6.827287287287287654e+03 6.675978887147211716e-02 5.569098672493273672e-02
6.830870870870870931e+03 6.669685787678439337e-02 5.576031089862362733e-02
6.834454454454454208e+03 6.663673711693385293e-02 5.583063899480886910e-02
6.838038038038038394e+03 6.659700997180650894e-02 5.591445500389451151e-02
6.841621621621621671e+03 6.653646814943389720e-02 5.598042794016042101e-02
6.845205205205204948e+03 6.646912633554477590e-02 5.603779481828530945e-02
6.848788788788789134e+03 6.640367904302629798e-02 5.609519740410703892e-02
6.852372372372372411e+03 6.633506297834651511e-02 5.615360683699675837e-02
6.855955955955955687e+03 6.628978287711206896e-02 5.622561111868798478e-02
6.859539539539539874e+03 6.622364583684463291e-02 5.628412748135244725e-02
6.863123123123123150e+03 6.615437407505385392e-02 5.636662611329879002e-02
6.866706706706706427e+03 6.608777441068397485e-02 5.645062311817317796e-02
6.870290290290290613e+03 6.601926076301040114e-02 5.653372777367580981e-02
6.873873873873873890e+03 6.598162933303428068e-02 5.663262865251382505e-02
6.877457457457457167e+03 6.591739863739998206e-02 5.671596050417583579e-02
6.881041041041041353e+03 6.585578888982618340e-02 5.680097649727035292e-02
6.884624624624624630e+03 6.579112136359244190e-02 5.688672923212852173e-02
6.888208208208207907e+03 6.572904709791785316e-02 5.697258919979115294e-02
6.891791791791792093e+03 6.568742115958153827e-02 5.707450122076115906e-02
6.895375375375375370e+03 6.562520218667824978e-02 5.716062872642431458e-02
6.898958958958959556e+03 6.556604236049658196e-02 5.724790220646280847e-02
6.902542542542542833e+03 6.550389231538225610e-02 5.735472219716265807e-02
6.906126126126126110e+03 6.544427438834080069e-02 5.746640591684844257e-02
6.909709709709710296e+03 6.540515085654238780e-02 5.759242904413752751e-02
6.913293293293293573e+03 6.534458730391573544e-02 5.770457818456928983e-02
6.916876876876876850e+03 6.527847698055265491e-02 5.781587214830194443e-02
6.920460460460461036e+03 6.521482881898688078e-02 5.792712793943149974e-02
6.924044044044044313e+03 6.514824665833310324e-02 5.802854963824345680e-02
6.927627627627627589e+03 6.508143327997135963e-02 5.813015239529620293e-02
6.931211211211211776e+03 6.504047473047065708e-02 5.824858037505563357e-02
6.934794794794795052e+03 6.497317429974122649e-02 5.835061603555015408e-02
6.938378378378378329e+03 6.490431023027737334e-02 5.845395808614364808e-02
6.941961961961962515e+03 6.483165719433704732e-02 5.857278112537855908e-02
6.945545545545545792e+03 6.476133898595878846e-02 5.870048187051929434e-02
6.949129129129129069e+03 6.468814963788550865e-02 5.882733916308741789e-02
6.952712712712713255e+03 6.463811467638815034e-02 5.897159080332342596e-02
6.956296296296296532e+03 6.456697847542154645e-02 5.909911366443165726e-02
6.959879879879879809e+03 6.449305492220280822e-02 5.922693762394908717e-02
6.963463463463463995e+03 6.442807163291722206e-02 5.936098914560984652e-02
6.967047047047047272e+03 6.438578759321902933e-02 5.949450277081944072e-02
6.970630630630630549e+03 6.434583425297399351e-02 5.962956348846827626e-02
6.974214214214214735e+03 6.432656447569479186e-02 5.978019045470696347e-02
6.977797797797798012e+03 6.428623989598444832e-02 5.991605063323064695e-02
6.981381381381381289e+03 6.424326679157046915e-02 6.006283326403924483e-02
6.984964964964965475e+03 6.420012924868315207e-02 6.022199342416430234e-02
6.988548548548548752e+03 6.415690204276132402e-02 6.038037209156131568e-02
6.992132132132132028e+03 6.410331009634423483e-02 6.053922588374083952e-02
6.995715715715716215e+03 6.407525515094564250e-02 6.071686969046286020e-02
6.999299299299299491e+03 6.402130204250680579e-02 6.087680211491293403e-02
7.002882882882882768e+03 6.396956388086064149e-02 6.103214261177886124e-02
7.006466466466466954e+03 6.391527386635176278e-02 6.118476794101189442e-02
7.010050050050050231e+03 6.386082296511566558e-02 6.133922245422634978e-02
7.013633633633633508e+03 6.384315864628301029e-02 6.149278401467784400e-02
7.017217217217217694e+03 6.382713747837964746e-02 6.164681280956763043e-02
7.020800800800800971e+03 6.383655732706502994e-02 6.182338882053275281e-02
7.024384384384384248e+03 6.382031310985078476e-02 6.198734700697919320e-02
7.027967967967968434e+03 6.380626436904290877e-02 6.215328903454518661e-02
7.031551551551551711e+03 6.378979813955831801e-02 6.231833203855209613e-02
7.035135135135134988e+03 6.377322550607189555e-02 6.248540221326568528e-02
7.038718718718719174e+03 6.375882030310213444e-02 6.265154722612636951e-02
7.042302302302302451e+03 6.375532061170428866e-02 6.284111523135069155e-02
7.045885885885885727e+03 6.378431963003072802e-02 6.306346056584372084e-02
7.049469469469469914e+03 6.378772609016483686e-02 6.326820762178936297e-02
7.053053053053053191e+03 6.379332187450340030e-02 6.347511070770119057e-02
7.056636636636636467e+03 6.379659689773783948e-02 6.368078796756472537e-02
7.060220220220220654e+03 6.379980904243286177e-02 6.388739472595685032e-02
7.063803803803803930e+03 6.380519371428290676e-02 6.408637145263509916e-02
7.067387387387387207e+03 6.380826683796007870e-02 6.428743693624514033e-02
7.070970970970971393e+03 6.381335014171606035e-02 6.448725426788842752e-02
7.074554554554554670e+03 6.383952843262427623e-02 6.470685726042035846e-02
7.078138138138137947e+03 6.384448385138842552e-02 6.490944064684528447e-02
7.081721721721722133e+03 6.384715588921996421e-02 6.510827386117779003e-02
7.085305305305305410e+03 6.384976565600998522e-02 6.530562157422319103e-02
7.088888888888888687e+03 6.385451287664954678e-02 6.550166697767142998e-02
7.092472472472472873e+03 6.385699280370676911e-02 6.569994621745287033e-02
7.096056056056056150e+03 6.386159900222085350e-02 6.589652642299827223e-02
7.099639639639639427e+03 6.386394888636390266e-02 6.609326840849569229e-02
7.103223223223223613e+03 6.390310849364699841e-02 6.633334413310332245e-02
7.106806806806806890e+03 6.393226478928340506e-02 6.655212664463427963e-02
7.110390390390390166e+03 6.395922580026888737e-02 6.677313903330300837e-02
7.113973973973974353e+03 6.398834638791857377e-02 6.699253744965613655e-02
7.117557557557557629e+03 6.401527793175867953e-02 6.721426947228180404e-02
7.121141141141140906e+03 6.404436278817597639e-02 6.743307132454978703e-02
7.124724724724725093e+03 6.407126484349690010e-02 6.764791237307710148e-02
7.128308308308308369e+03 6.409815349484293545e-02 6.786521508525078517e-02
7.131891891891891646e+03 6.415092706109504217e-02 6.810184124781973325e-02
7.135475475475475832e+03 6.417781120395289751e-02 6.832020914945761969e-02
7.139059059059059109e+03 6.421882471230147549e-02 6.853697874396724732e-02
7.142642642642642386e+03 6.427556527518213381e-02 6.877193935276668113e-02
7.146226226226226572e+03 6.433234386407621352e-02 6.901352888044112732e-02
7.149809809809809849e+03 6.439132677273298744e-02 6.925360899239060841e-02
7.153393393393393126e+03 6.444818480968370067e-02 6.949657202977296833e-02
7.156976976976977312e+03 6.450725395126535866e-02 6.973800044035592671e-02
7.160560560560560589e+03 6.456419333760027301e-02 6.998206314542695927e-02
7.164144144144143866e+03 6.462335066397759120e-02 7.022031025068081744e-02
7.167727727727728052e+03 6.470442884145932716e-02 7.048148149905685000e-02
7.171311311311311329e+03 6.476147079147925867e-02 7.072364018487707626e-02
7.174894894894894605e+03 6.482066547624361352e-02 7.096419512441023980e-02
7.178478478478478792e+03 6.487756077331580107e-02 7.120791560684860966e-02
7.182062062062062068e+03 6.493666019787595889e-02 7.145386058561561948e-02
7.185645645645645345e+03 6.499358698218260511e-02 7.170484858670725381e-02
7.189229229229229531e+03 6.505052930000931877e-02 7.195421482547718905e-02
7.192812812812812808e+03 6.510968454002466488e-02 7.220442273054611393e-02
7.196396396396396085e+03 6.516666258287526214e-02 7.245805539146868424e-02
7.199979979979980271e+03 6.522585918585019349e-02 7.271001463879782356e-02
7.203563563563563548e+03 6.528436396076547910e-02 7.295162863621826310e-02
7.207147147147146825e+03 6.542258240285186988e-02 7.321487547026669929e-02
7.210730730730731011e+03 6.553877317502626587e-02 7.345519744941872431e-02
7.214314314314314288e+03 6.565281390198179912e-02 7.369907907836199812e-02
7.217897897897897565e+03 6.576916038025543143e-02 7.394110775060873386e-02
7.221481481481481751e+03 6.588335045180382377e-02 7.418976891476880553e-02
7.225065065065065028e+03 6.599987208185489895e-02 7.444434185137724369e-02
7.228648648648648305e+03 6.611423011048617182e-02 7.469940954763894247e-02
7.232232232232232491e+03 6.622867433690335370e-02 7.495788003843922853e-02
7.235815815815815768e+03 6.634548940112725002e-02 7.521404201968942549e-02
7.239399399399399044e+03 6.645643632603873141e-02 7.547372601759956556e-02
7.242982982982983231e+03 6.656641808337139532e-02 7.570666457428207319e-02
7.246566566566566507e+03 6.667387391350632075e-02 7.594091231407795739e-02
7.250150150150149784e+03 6.680009237026431068e-02 7.619822992493911762e-02
7.253733733733733970e+03 6.691028545955003681e-02 7.643033148902050877e-02
7.257317317317317247e+03 6.701825172064498903e-02 7.666573437833250348e-02
7.260900900900900524e+03 6.712868411218433917e-02 7.690213065552480021e-02
7.264484484484484710e+03 6.723687770476394210e-02 7.713950946623832072e-02
7.268068068068067987e+03 6.734518455418646299e-02 7.737770182906522631e-02
7.271651651651651264e+03 6.745599504499587284e-02 7.762550913527796470e-02
7.275235235235235450e+03 6.756454704152704827e-02 7.787789073665658812e-02
7.278818818818818727e+03 6.770123212208373209e-02 7.812927899880339755e-02
7.282402402402402004e+03 6.784401311211715746e-02 7.837111299180266055e-02
7.285985985985986190e+03 6.798695970447649062e-02 7.859958359035695841e-02
7.289569569569569467e+03 6.813253998939519662e-02 7.882848146828536073e-02
7.293153153153152743e+03 6.827585132553055935e-02 7.906120018146892137e-02
7.296736736736736930e+03 6.842184171381103519e-02 7.929102906022844621e-02
7.300320320320320207e+03 6.856553906507979745e-02 7.952312452111889862e-02
7.303903903903903483e+03 6.870942773820995497e-02 7.974678331776513529e-02
7.307487487487487670e+03 6.888203065585669915e-02 7.999831683158005469e-02
7.311071071071070946e+03 6.901150390775234733e-02 8.022660177836170303e-02
7.314654654654654223e+03 6.914183795949335742e-02 8.045193042682820261e-02
7.318238238238238409e+03 6.926978420910911982e-02 8.068134353133843417e-02
7.321821821821821686e+03 6.939791525825003693e-02 8.090777592133691076e-02
7.325405405405404963e+03 6.952886647032174849e-02 8.113476586893039744e-02
7.328988988988989149e+03 6.965739204766228931e-02 8.136594965663047907e-02
7.332572572572572426e+03 6.979888755807736600e-02 8.159411216265498312e-02
7.336156156156155703e+03 6.994617407911001006e-02 8.182654143184031614e-02
7.339739739739739889e+03 7.009371367291053478e-02 8.205591868374249864e-02
7.343323323323323166e+03 7.024422736488285246e-02 8.227045803901787691e-02
7.346906906906906443e+03 7.039230262341955591e-02 8.248857581229168678e-02
7.350490490490490629e+03 7.054064222349586133e-02 8.270352458598682899e-02
7.354074074074073906e+03 7.069202087941339752e-02 8.292283635577157863e-02
7.357657657657657182e+03 7.084091830121469480e-02 8.313894555202043513e-02
7.361241241241241369e+03 7.099289812096185037e-02 8.334968934387293471e-02
7.364824824824824645e+03 7.116986607355019201e-02 8.355361712463275914e-02
7.368408408408407922e+03 7.135988901980512555e-02 8.375421541910868517e-02
7.371991991991992109e+03 7.155319816047867043e-02 8.395924514836593244e-02
7.375575575575576295e+03 7.174406361450713643e-02 8.416091190341505601e-02
7.379159159159158662e+03 7.193827745372677329e-02 8.436310912018904484e-02
7.382742742742742848e+03 7.215791811008778756e-02 8.459968429899181186e-02
7.386326326326327035e+03 7.235019472386941541e-02 8.480261399270895561e-02
7.389909909909909402e+03 7.256084295627901470e-02 8.501010961694147050e-02
7.393493493493493588e+03 7.277485084237012014e-02 8.521414568131346901e-02
7.397077077077077774e+03 7.299244612678801314e-02 8.541861058496190429e-02
7.400660660660660142e+03 7.320750576153486899e-02 8.562305926861007999e-02
7.404244244244244328e+03 7.342308336866026908e-02 8.579355606856070571e-02
7.407827827827828514e+03 7.364236169914881169e-02 8.596844438274667266e-02
7.411411411411410882e+03 7.385902373106412178e-02 8.613951104413550275e-02
7.414994994994995068e+03 7.407621863325053457e-02 8.631086394552590912e-02
7.418578578578579254e+03 7.428369602979217889e-02 8.648666726312603803e-02
7.422162162162161621e+03 7.447408649352868504e-02 8.664961035671667200e-02
7.425745745745745808e+03 7.466825601967724824e-02 8.680857006086906136e-02
7.429329329329329994e+03 7.485956932436602096e-02 8.696349295530998724e-02
7.432912912912912361e+03 7.505130967291709365e-02 8.711855586251690542e-02
7.436496496496496547e+03 7.524672767656298555e-02 8.727796288656750057e-02
7.440080080080080734e+03 7.543897265465032698e-02 8.743333054530626203e-02
7.443663663663663101e+03 7.563474947661447123e-02 8.758839095803264141e-02
7.447247247247247287e+03 7.583117135697166333e-02 8.774780609276550125e-02
7.450830830830831474e+03 7.603962047111929856e-02 8.790317749813446324e-02
7.454414414414413841e+03 7.625167589321249495e-02 8.806296154507484153e-02
7.457997997997998027e+03 7.646029895608365268e-02 8.821869634456813714e-02
7.461581581581582213e+03 7.666902382292156704e-02 8.836818415005953664e-02
7.465165165165164581e+03 7.688149010208693290e-02 8.851054071428851588e-02
7.468748748748748767e+03 7.712625073497347827e-02 8.864880011152807826e-02
7.472332332332332953e+03 7.740372033245838945e-02 8.879148957657920227e-02
7.475915915915915321e+03 7.767775341542795808e-02 8.893007704613759001e-02
7.479499499499499507e+03 7.795203595545055486e-02 8.906883087928385567e-02
7.483083083083083693e+03 7.823040172240369738e-02 8.919835063032122147e-02
7.486666666666666060e+03 7.849451632906305487e-02 8.931978234782159132e-02
7.490250250250250247e+03 7.874765821098000940e-02 8.944134377656648427e-02
7.493833833833834433e+03 7.900505859113368667e-02 8.956733041136472062e-02
7.497417417417416800e+03 7.925895703849372698e-02 8.968915996414394964e-02
7.501001001001000986e+03 7.951722525334090075e-02 8.981523568126131840e-02
7.504584584584585173e+03 7.975249392395605819e-02 8.993637793083200660e-02
7.508168168168167540e+03 7.996159351339446331e-02 9.005766323262315298e-02
7.511751751751751726e+03 8.017510991554629984e-02 9.018340405217682709e-02
7.515335335335335913e+03 8.038494108549655570e-02 9.030498476792098161e-02
7.518918918918918280e+03 8.059513691553754633e-02 9.043103270545820027e-02
7.522502502502502466e+03 8.080986627755495921e-02 9.054161692173440246e-02
7.526086086086086652e+03 8.102084805382642196e-02 9.064522902835260576e-02
7.529669669669669929e+03 8.123644097351159776e-02 9.075326864421076611e-02
7.533253253253253206e+03 8.148692966503359725e-02 9.085709291903351636e-02
7.536836836836837392e+03 8.174622286890242950e-02 9.096102462177926840e-02
7.540420420420420669e+03 8.201040579079130199e-02 9.106875209726583709e-02
7.544004004004003946e+03 8.227085348221574446e-02 9.115389362794135142e-02
7.547587587587588132e+03 8.253187581234561199e-02 9.124342096550661085e-02
7.551171171171171409e+03 8.279776842483141386e-02 9.132868848735997691e-02
7.554754754754754686e+03 8.305857300913140062e-02 9.141402078796004305e-02
7.558338338338338872e+03 8.332450838437341356e-02 9.150373620789170603e-02
7.561921921921922149e+03 8.358652427696652842e-02 9.158056598913641433e-02
7.565505505505505425e+03 8.384913657766511486e-02 9.164698895217157637e-02
7.569089089089089612e+03 8.411704569296525602e-02 9.171774063864972237e-02
7.572672672672672888e+03 8.438092374777403371e-02 9.178420288648103664e-02
7.576256256256256165e+03 8.464542300158212074e-02 9.185498662975807860e-02
7.579839839839840351e+03 8.491538682540845928e-02 9.192148938218189236e-02
7.583423423423423628e+03 8.519636514945513883e-02 9.197171087307490223e-02
7.587007007007006905e+03 8.552606359918035750e-02 9.202317635747017666e-02
7.590590590590591091e+03 8.585171195097665575e-02 9.207033127216401880e-02
7.594174174174174368e+03 8.617783667690920302e-02 9.211746502860168606e-02
7.597757757757757645e+03 8.650918723891520834e-02 9.216884065465713594e-02
7.601341341341341831e+03 8.683549652824898435e-02 9.222079787948157803e-02
7.604924924924925108e+03 8.716187421600049556e-02 9.229069520102106683e-02
7.608508508508508385e+03 8.741433888643934669e-02 9.235636402541701206e-02
7.612092092092092571e+03 8.765586996098823080e-02 9.242206198053584676e-02
7.615675675675675848e+03 8.789761347179039785e-02 9.249203463217889332e-02
7.619259259259259125e+03 8.814492797033414428e-02 9.255778859563121297e-02
7.622842842842843311e+03 8.838718465137110347e-02 9.259652267889120769e-02
7.626426426426426588e+03 8.863511569009072111e-02 9.262510627401771002e-02
7.630010010010009864e+03 8.887795428089823035e-02 9.264938704524179613e-02
7.633593593593594051e+03 8.912108972831880860e-02 9.267780673437034378e-02
7.637177177177177327e+03 8.939144809786503387e-02 9.270194258402961185e-02
7.640760760760760604e+03 8.962900419759367576e-02 9.269171704726328342e-02
7.644344344344344790e+03 8.990376380182479865e-02 9.272269500741842085e-02
7.647927927927928067e+03 9.018458098692960778e-02 9.274943607607652463e-02
7.651511511511511344e+03 9.046023838002710538e-02 9.277612290505724002e-02
7.655095095095095530e+03 9.073634986015280401e-02 9.280690643513424265e-02
7.658678678678678807e+03 9.101870303247869276e-02 9.283347687828366612e-02
7.662262262262262084e+03 9.129734940257638875e-02 9.287324977736563514e-02
7.665845845845846270e+03 9.159612107455153418e-02 9.292242407343176414e-02
7.669429429429429547e+03 9.188963742310765626e-02 9.296745157573077512e-02
7.673013013013012824e+03 9.218372961101679863e-02 9.301659379900376057e-02
7.676596596596597010e+03 9.248442510640147995e-02 9.306159841701266977e-02
7.680180180180180287e+03 9.277976718670320755e-02 9.310652460909873973e-02
7.683763763763763563e+03 9.307573127666735058e-02 9.315497162425175059e-02
7.687347347347347750e+03 9.337849675848679254e-02 9.319929845011433456e-02
7.690930930930931027e+03 9.367579936128378471e-02 9.324362013829834428e-02
7.694514514514514303e+03 9.390739124172671481e-02 9.329203836162845709e-02
7.698098098098098490e+03 9.413578183619436546e-02 9.333634664643830625e-02
7.701681681681681766e+03 9.435837364922745885e-02 9.336263420804316593e-02
7.705265265265265043e+03 9.458142671761651799e-02 9.337256502018956295e-02
7.708848848848849229e+03 9.481134589695122683e-02 9.337831759914033691e-02
7.712432432432432506e+03 9.503537428042817259e-02 9.338804803000723409e-02
7.716016016016015783e+03 9.526635208609317285e-02 9.339361878045358833e-02
7.719599599599599969e+03 9.549137652116854169e-02 9.339910310747441546e-02
7.723183183183183246e+03 9.567647353171573887e-02 9.338747151821874537e-02
7.726766766766766523e+03 9.590890559213563482e-02 9.341140100501077459e-02
7.730350350350350709e+03 9.618204589447287844e-02 9.343528706442512377e-02
7.733933933933933986e+03 9.647260725636463974e-02 9.346314800642205323e-02
7.737517517517517263e+03 9.677045092250240177e-02 9.348694196869858364e-02
7.741101101101101449e+03 9.706197768808841331e-02 9.351013044393394202e-02
7.744684684684684726e+03 9.735368442060410299e-02 9.353381932951429500e-02
7.748268268268268002e+03 9.765243449072630311e-02 9.355345250735597196e-02
7.751851851851852189e+03 9.794461142317546776e-02 9.357303768957395129e-02
7.755435435435435465e+03 9.818186168548939663e-02 9.359656340549203646e-02
7.759019019019018742e+03 9.840995147836024970e-02 9.361604772564002808e-02
7.762602602602602929e+03 9.863136647095835374e-02 9.365735996186450030e-02
7.766186186186186205e+03 9.886002774451765895e-02 9.369967018438524198e-02
7.769769769769769482e+03 9.908198061591633188e-02 9.374197969710565403e-02
7.773353353353353668e+03 9.930420304801333697e-02 9.378826638972656560e-02
7.776936936936936945e+03 9.953378877130601710e-02 9.383057351176696259e-02
7.780520520520520222e+03 9.971424629300493225e-02 9.383398003275103538e-02
7.784104104104104408e+03 9.993725225765798248e-02 9.385999423158555843e-02
7.787687687687687685e+03 1.001721807121909724e-01 9.388200004481392358e-02
7.791271271271270962e+03 1.004007660538023955e-01 9.390396691876252977e-02
7.794854854854855148e+03 1.006296835125680272e-01 9.392985219466434832e-02
7.798438438438438425e+03 1.008662038658622584e-01 9.395173812560841942e-02
7.802022022022021702e+03 1.010958453541766638e-01 9.397187291497374750e-02
7.805605605605605888e+03 1.013258449905168057e-01 9.399359307771973371e-02
7.809189189189189165e+03 1.015635720836572664e-01 9.401131658973069238e-02
7.812772772772772441e+03 1.017943469008698032e-01 9.403293588553904292e-02
7.816356356356356628e+03 1.020255039279855391e-01 9.405056492841490368e-02
7.819939939939939904e+03 1.022645142591126211e-01 9.406971039943246016e-02
7.823523523523523181e+03 1.024964938279870064e-01 9.411454213445873129e-02
7.827107107107107367e+03 1.026942901289120275e-01 9.415543962282996171e-02
7.830690690690690644e+03 1.028219243788886517e-01 9.415943225972127351e-02
7.834274274274273921e+03 1.029862698294241041e-01 9.420422777126875868e-02
7.837857857857858107e+03 1.031508703560284207e-01 9.424509165118152842e-02
7.841441441441441384e+03 1.033233246347151357e-01 9.427752899256196251e-02
7.845025025025024661e+03 1.034884643277703131e-01 9.429797069539168353e-02
7.848608608608608847e+03 1.036615029093681251e-01 9.431443346878451428e-02
7.852192192192192124e+03 1.038271921550868448e-01 9.433085190691517519e-02
7.855775775775775401e+03 1.039931490124784419e-01 9.435115507837579796e-02
7.859359359359359587e+03 1.041670888995545885e-01 9.436748341662551387e-02
7.862942942942942864e+03 1.043388681564980935e-01 9.442610290171932208e-02
7.866526526526526141e+03 1.045109361333174947e-01 9.449042911029462144e-02
7.870110110110110327e+03 1.046910600564113641e-01 9.455086642921585460e-02
7.873693693693693604e+03 1.048183352451646511e-01 9.457404117716457226e-02
7.877277277277276880e+03 1.049911907678024170e-01 9.463845873051736357e-02
7.880860860860861067e+03 1.051721650240880351e-01 9.469393065034566181e-02
7.884444444444444343e+03 1.053456419988364479e-01 9.473740003049052616e-02
7.888028028028027620e+03 1.055194214540406406e-01 9.477692101192353169e-02
7.891611611611611806e+03 1.056962604346574630e-01 9.481644158653834698e-02
7.895195195195195083e+03 1.058323170308592964e-01 9.485992038568971663e-02
7.898778778778778360e+03 1.059685795325816249e-01 9.489944303386264879e-02
7.902362362362362546e+03 1.061129881324391622e-01 9.496075067387221846e-02
7.905945945945945823e+03 1.062496839824956796e-01 9.504409804556485097e-02
7.909529529529529100e+03 1.063401181921769245e-01 9.508581918178404813e-02
7.913113113113113286e+03 1.064851121737804690e-01 9.516530303121088774e-02
7.916696696696696563e+03 1.066186203005337618e-01 9.524887234627735233e-02
7.920280280280279840e+03 1.067333956236722614e-01 9.532315022234096047e-02
7.923863863863864026e+03 1.068563472927760993e-01 9.536268178995874201e-02
7.927447447447447303e+03 1.069714481352931901e-01 9.540623100203324269e-02
7.931031031031030579e+03 1.070867058577162495e-01 9.544576542733404501e-02
7.934614614614614766e+03 1.072101804640308992e-01 9.548529955327242358e-02
7.938198198198198043e+03 1.073257503989510919e-01 9.552886125761952951e-02
7.941781781781781319e+03 1.074414415388240812e-01 9.557596428407542921e-02
7.945365365365365506e+03 1.075180016407833311e-01 9.559564766815789594e-02
7.948948948948948782e+03 1.076343413906687418e-01 9.565753620244490940e-02
7.952532532532532059e+03 1.077508062081751483e-01 9.571542576812575032e-02
7.956116116116116245e+03 1.078754608414104060e-01 9.577335088213351222e-02
7.959699699699699522e+03 1.079921118107035199e-01 9.583598684457975136e-02
7.963283283283282799e+03 1.081088540190971864e-01 9.591595028584766480e-02
7.966866866866866985e+03 1.082338120048785268e-01 9.599599809416398122e-02
7.970450450450451171e+03 1.083507497148310239e-01 9.608022816565875424e-02
7.974034034034033539e+03 1.084677831195607345e-01 9.616045670767628395e-02
7.977617617617617725e+03 1.085183780145859145e-01 9.620210625592517939e-02
7.981201201201201911e+03 1.085967730199020320e-01 9.628016827450733284e-02
7.984784784784784279e+03 1.086752075918188121e-01 9.633976052333921569e-02
7.988368368368368465e+03 1.087618157411996134e-01 9.639937800977341209e-02
7.991951951951952651e+03 1.088403330910245326e-01 9.646316505191368518e-02
7.995535535535535018e+03 1.089188913738013131e-01 9.652284107694791837e-02
7.999119119119119205e+03 1.090127505651203588e-01 9.658254301697655198e-02
8.002702702702703391e+03 1.091115169760729919e-01 9.664538238629299949e-02
8.006286286286285758e+03 1.092103591918789501e-01 9.670342518306117297e-02
8.009869869869869945e+03 1.092690419522266421e-01 9.672246790225053070e-02
8.013453453453454131e+03 1.093679861249409746e-01 9.678469725038713056e-02
8.017037037037036498e+03 1.094670081781786986e-01 9.684277279512681913e-02
8.020620620620620684e+03 1.095742897211981481e-01 9.691095429714313703e-02
8.024204204204204871e+03 1.096734801344741578e-01 9.701737226037697448e-02
8.027787787787787238e+03 1.097727508902206772e-01 9.711969119806590500e-02
8.031371371371371424e+03 1.098803103418645455e-01 9.722208388584627214e-02
8.034954954954955610e+03 1.099797545415971689e-01 9.732879093415325311e-02
8.038538538538537978e+03 1.100303945946428663e-01 9.739191629339050138e-02
8.042122122122122164e+03 1.101381639998339212e-01 9.750630593399489676e-02
8.045705705705706350e+03 1.102378035373185183e-01 9.763529209986286650e-02
8.049289289289288718e+03 1.103432852793058278e-01 9.776009611988989434e-02
8.052872872872872904e+03 1.104652683582617173e-01 9.788498870428471998e-02
8.056456456456457090e+03 1.105791137594275830e-01 9.801430678633535343e-02
8.060040040040039457e+03 1.106930667047681394e-01 9.813276673420376350e-02
8.063623623623623644e+03 1.108154382703862850e-01 9.821390534653479110e-02
8.067207207207207830e+03 1.108801956574781422e-01 9.825961185175044466e-02
8.070790790790790197e+03 1.109944221380888968e-01 9.834080670954825631e-02
8.074374374374374383e+03 1.111171082877156768e-01 9.842204865303935679e-02
8.077957957957958570e+03 1.112315763273579172e-01 9.850773471516867386e-02
8.081541541541540937e+03 1.113290416277309125e-01 9.860838345212072364e-02
8.085125125125125123e+03 1.114206088848979093e-01 9.873195354009697833e-02
8.088708708708709310e+03 1.115038579724832724e-01 9.886007227554736987e-02
8.092292292292291677e+03 1.115372912042725539e-01 9.894364773289204829e-02
8.095875875875875863e+03 1.116205995572372017e-01 9.906748616234206661e-02
8.099459459459460049e+03 1.117123976963461107e-01 9.919277240914592397e-02
8.103043043043042417e+03 1.117958409257327479e-01 9.929185481285772441e-02
8.106626626626626603e+03 1.118793454592194869e-01 9.939489780581683975e-02
8.110210210210210789e+03 1.119713776397238264e-01 9.950268035975631808e-02
8.113793793793794066e+03 1.120550820145225224e-01 9.960600845880229759e-02
8.117377377377377343e+03 1.120901154900216801e-01 9.966877728175857487e-02
8.120960960960961529e+03 1.121839272086757877e-01 9.977690007697934127e-02
8.124544544544544806e+03 1.122693261988580993e-01 9.988097376135900152e-02
8.128128128128128083e+03 1.123547912357925893e-01 9.998513699407732269e-02
8.131711711711712269e+03 1.124488549547683208e-01 1.000940333736451970e-01
8.135295295295295546e+03 1.125344679394518765e-01 1.001983949098397553e-01
8.138878878878878822e+03 1.126201482095249562e-01 1.003028490700141051e-01
8.142462462462463009e+03 1.126637501713048800e-01 1.004051878610974502e-01
8.146046046046046285e+03 1.127495157924015973e-01 1.005526375650258736e-01
8.149629629629629562e+03 1.128353496546500023e-01 1.007002614525666639e-01
8.153213213213213749e+03 1.129287817464295074e-01 1.008528167028839850e-01
8.156796796796797025e+03 1.130107420167233978e-01 1.010008190277373319e-01
8.160380380380380302e+03 1.130927645138521537e-01 1.011455878762724803e-01
8.163963963963964488e+03 1.131834877307017762e-01 1.012776644439555146e-01
8.167547547547547765e+03 1.132145050091695748e-01 1.013634151188098215e-01
8.171131131131131042e+03 1.132966653487794684e-01 1.014909117121128024e-01
8.174714714714715228e+03 1.133875532602502678e-01 1.016234277082455895e-01
8.178298298298298505e+03 1.134698548629354681e-01 1.017512497326168858e-01
8.181881881881881782e+03 1.135521466581841388e-01 1.018789655227101965e-01
8.185465465465465968e+03 1.136319850828099443e-01 1.020066233129105215e-01
8.189049049049049245e+03 1.136690961056829319e-01 1.020972317114726968e-01
8.192632632632632522e+03 1.137490021335720580e-01 1.022251337756814316e-01
8.196216216216216708e+03 1.138289660775239909e-01 1.023531920567804371e-01
8.199799799799799075e+03 1.139177411713329091e-01 1.024864081827820406e-01
8.203383383383383261e+03 1.139978381581399913e-01 1.026565567728771611e-01
8.206966966966967448e+03 1.140779939489769135e-01 1.028294290389199506e-01
8.210550550550549815e+03 1.141093169278447617e-01 1.029649323224748197e-01
8.214134134134134001e+03 1.141757982107992342e-01 1.031382390259486526e-01
8.217717717717718187e+03 1.142423136662402555e-01 1.033118093727132258e-01
8.221301301301300555e+03 1.143176841537298233e-01 1.034761400956715482e-01
8.224884884884884741e+03 1.143842821330394721e-01 1.036064503676750181e-01
8.228468468468468927e+03 1.144509147859582021e-01 1.037369354179850101e-01
8.232052052052051295e+03 1.144742568922068882e-01 1.038295279223592354e-01
8.235635635635635481e+03 1.145409143088481352e-01 1.039602946664099914e-01
8.239219219219219667e+03 1.146076067381889829e-01 1.040912393965046506e-01
8.242802802802802034e+03 1.146733721839237191e-01 1.042627329436585648e-01
8.246386386386386221e+03 1.147223057237291288e-01 1.044406928789375355e-01
8.249969969969970407e+03 1.147712428718019873e-01 1.046189618766754648e-01
8.253553553553552774e+03 1.147677192014516789e-01 1.047589749212357868e-01
8.257137137137136961e+03 1.148255101022918334e-01 1.049377718286723660e-01
8.260720720720721147e+03 1.148744164625271069e-01 1.051085886276451609e-01
8.264304304304303514e+03 1.149307134439984807e-01 1.052400399377992762e-01
8.267887887887887700e+03 1.149972696203730438e-01 1.053771329982355620e-01
8.271471471471471887e+03 1.150549316416718537e-01 1.055089660215862007e-01
8.275055055055054254e+03 1.150598573749674891e-01 1.055964523310544412e-01
8.278638638638638440e+03 1.151264470394481598e-01 1.057340779194974045e-01
8.282222222222222626e+03 1.151841232697400214e-01 1.058945949193429159e-01
8.285805805805804994e+03 1.152418186389146115e-01 1.060748306298467808e-01
8.289389389389389180e+03 1.152972723002632788e-01 1.062610061801290001e-01
8.292972972972973366e+03 1.153421915809786091e-01 1.064419162135086527e-01
8.296556556556555734e+03 1.153340703724320820e-01 1.065779220139957961e-01
8.300140140140139920e+03 1.153789300601677503e-01 1.067641773652517057e-01
8.303723723723724106e+03 1.154327930967194715e-01 1.069234375921125080e-01
8.307307307307306473e+03 1.154776530816365582e-01 1.070829194187470912e-01
8.310890890890890660e+03 1.155225070317280889e-01 1.072483776110564613e-01
8.314474474474474846e+03 1.155231547641361600e-01 1.073625383238703129e-01
8.318058058058057213e+03 1.155794787577524019e-01 1.075225365507097020e-01
8.321641641641641399e+03 1.156423194971910318e-01 1.076942808119467077e-01
8.325225225225225586e+03 1.157142635705631639e-01 1.078843563491439783e-01
8.328808808808807953e+03 1.157771569484603580e-01 1.080687756009562905e-01
8.332392392392392139e+03 1.157865922497201133e-01 1.082071561764511164e-01
8.335975975975976326e+03 1.158585984508624100e-01 1.083977584651086845e-01
8.339559559559558693e+03 1.159215042604247181e-01 1.085826074975374533e-01
8.343143143143142879e+03 1.159844252483070437e-01 1.087681795088477898e-01
8.346726726726727065e+03 1.160473614353241256e-01 1.089600043400542340e-01
8.350310310310309433e+03 1.160479920920680363e-01 1.091460216050062770e-01
8.353893893893893619e+03 1.159638948471677367e-01 1.092854874643672258e-01
8.357477477477477805e+03 1.159333511035778169e-01 1.094779020776054240e-01
8.361061061061060173e+03 1.159118312791265898e-01 1.096551402467892955e-01
8.364644644644644359e+03 1.158810141748516098e-01 1.098173518939568605e-01
8.368228228228228545e+03 1.158487476767708080e-01 1.099859086332654751e-01
8.371811811811810912e+03 1.157518079079895013e-01 1.101012942270649803e-01
8.375395395395395099e+03 1.156992353165786080e-01 1.102639648980490161e-01
8.378978978978979285e+03 1.156464668043186150e-01 1.104268175010071629e-01
8.382562562562561652e+03 1.155935020956223858e-01 1.106128176748342185e-01
8.386146146146145838e+03 1.155493311875290668e-01 1.107963057377463201e-01
8.389729729729730025e+03 1.154223338278866917e-01 1.109323501082301461e-01
8.393313313313312392e+03 1.153126970788845851e-01 1.111225417932382165e-01
8.396896896896896578e+03 1.152116399416861503e-01 1.113066633147410667e-01
8.400480480480480765e+03 1.151013862288002843e-01 1.114910314707638073e-01
8.404064064064063132e+03 1.149908415279239093e-01 1.116865299241658060e-01
8.407647647647647318e+03 1.148352995330902959e-01 1.118276984002065794e-01
8.411231231231231504e+03 1.147246417253578177e-01 1.120172352193767040e-01
8.414814814814813872e+03 1.146433854845866074e-01 1.122070421978487442e-01
8.418398398398398058e+03 1.145618970764421402e-01 1.124036610538329678e-01
8.421981981981982244e+03 1.144887955114115147e-01 1.125843260280038893e-01
8.425565565565564611e+03 1.143534927285368569e-01 1.127041692781762250e-01
8.429149149149148798e+03 1.142712940250003029e-01 1.128795219785494741e-01
8.432732732732732984e+03 1.141973828863822871e-01 1.130485427230296241e-01
8.436316316316315351e+03 1.141146889145654431e-01 1.132178146592514034e-01
8.439899899899899538e+03 1.140317600276540555e-01 1.133940205416220925e-01
8.443483483483483724e+03 1.138629624416435948e-01 1.135784271347615448e-01
8.447067067067066091e+03 1.137266374873373842e-01 1.138182783019919403e-01
8.450650650650650277e+03 1.135899540519262341e-01 1.140585469073958358e-01
8.454234234234234464e+03 1.134529109011611081e-01 1.143060752787432022e-01
8.457817817817816831e+03 1.132707550401212404e-01 1.144972989210341907e-01
8.461401401401401017e+03 1.131329858864534438e-01 1.147136185732138131e-01
8.464984984984985203e+03 1.129948531489023550e-01 1.148931524538385623e-01
8.468568568568567571e+03 1.128644375358020258e-01 1.150660668396251141e-01
8.472152152152151757e+03 1.127255302353127597e-01 1.152392689289541416e-01
8.475735735735735943e+03 1.125559271700030395e-01 1.153692063726609873e-01
8.479319319319318311e+03 1.124492655750566061e-01 1.155428877771824403e-01
8.482902902902902497e+03 1.123342635563232550e-01 1.157353073372015123e-01
8.486486486486486683e+03 1.122188990488153792e-01 1.159323955512432391e-01
8.490070070070069050e+03 1.121031711661737984e-01 1.161369518173056281e-01
8.493653653653653237e+03 1.119422448427639938e-01 1.162835699434468240e-01
8.497237237237237423e+03 1.118257692924711777e-01 1.164816102050968971e-01
8.500820820820819790e+03 1.116443486235591254e-01 1.166934748022664392e-01
8.504404404404403977e+03 1.114644761222463309e-01 1.169166762999143960e-01
8.507987987987988163e+03 1.112240701660727193e-01 1.170885347882670846e-01
8.511571571571570530e+03 1.110355296258904723e-01 1.173197635140385553e-01
8.515155155155154716e+03 1.108464406049801398e-01 1.175441670733766708e-01
8.518738738738738903e+03 1.106641349159732529e-01 1.177690007807650902e-01
8.522322322322321270e+03 1.104494554357224462e-01 1.179624716131442430e-01
8.525905905905905456e+03 1.101643817607918241e-01 1.180959749439120521e-01
8.529489489489489642e+03 1.099378205555123500e-01 1.182746659729372735e-01
8.533073073073072010e+03 1.097033630732937859e-01 1.184536100921459306e-01
8.536656656656656196e+03 1.094681934664899631e-01 1.186403058886807832e-01
8.540240240240240382e+03 1.092159761548105873e-01 1.187757292267503650e-01
8.543823823823822750e+03 1.090529306469874837e-01 1.190275192704005891e-01
8.547407407407406936e+03 1.088858128689344784e-01 1.192871584089034848e-01
8.550990990990991122e+03 1.087181225915822280e-01 1.195395326165685085e-01
8.554574574574575308e+03 1.085565623911466104e-01 1.197921979434706796e-01
8.558158158158157676e+03 1.083361234739999429e-01 1.199916663542042738e-01
8.561741741741741862e+03 1.082007512711097991e-01 1.202396810906189994e-01
8.565325325325326048e+03 1.082460267943736731e-01 1.204694552752741676e-01
8.568908908908908415e+03 1.082845711237604702e-01 1.206995323514336027e-01
8.572492492492492602e+03 1.082713626785259398e-01 1.208837250502040883e-01
8.576076076076076788e+03 1.083095955867518639e-01 1.211143247262913281e-01
8.579659659659659155e+03 1.083541411804832405e-01 1.213452478797468481e-01
8.583243243243243342e+03 1.083920898791499166e-01 1.215317873769449358e-01
8.586826826826827528e+03 1.083781159138747507e-01 1.216687941119453387e-01
8.590410410410409895e+03 1.084221007072418419e-01 1.218525233685426035e-01
8.593993993993994081e+03 1.084342010487646668e-01 1.220365068115080165e-01
8.597577577577578268e+03 1.083840574792377387e-01 1.222287063946341512e-01
8.601161161161160635e+03 1.083335097929744861e-01 1.224301809367923100e-01
8.604744744744744821e+03 1.082367926514892775e-01 1.226081258367149318e-01
8.608328328328329007e+03 1.081853732589945633e-01 1.228494019073338994e-01
8.611911911911911375e+03 1.081335548327865548e-01 1.230830445048675531e-01
8.615495495495495561e+03 1.080873416078322047e-01 1.233170659415213782e-01
8.619079079079079747e+03 1.079827183945987479e-01 1.234958349540095091e-01
8.622662662662662115e+03 1.079296456195424081e-01 1.237392840466744054e-01
8.626246246246246301e+03 1.078387304596671314e-01 1.239752260795730088e-01
8.629829829829830487e+03 1.077003187911363402e-01 1.242115779611729087e-01
8.633413413413412854e+03 1.075034371281970019e-01 1.244003675393289265e-01
8.636996996996997041e+03 1.073578267756550991e-01 1.246374254576570195e-01
8.640580580580581227e+03 1.072171695699181415e-01 1.248777065001974440e-01
8.644164164164163594e+03 1.070702735315108844e-01 1.251420065699047068e-01
8.647747747747747781e+03 1.068255674183676562e-01 1.253583236329942618e-01
8.651331331331331967e+03 1.066132239567083445e-01 1.256235043154886599e-01
8.654914914914914334e+03 1.064055203980580622e-01 1.258892074080063261e-01
8.658498498498498520e+03 1.061917916623597302e-01 1.261639425580163287e-01
8.662082082082082707e+03 1.059262039583548365e-01 1.263480193456582856e-01
8.665665665665665074e+03 1.056870889028793531e-01 1.265645204001010771e-01
8.669249249249249260e+03 1.054385427658423857e-01 1.267814231459511165e-01
8.672832832832833446e+03 1.051844002414589752e-01 1.270073383996423722e-01
8.676416416416415814e+03 1.048790983039538521e-01 1.271669001193106163e-01
8.680000000000000000e+03 1.046288864216242398e-01 1.273848902660708049e-01
